16
12 3 8 15 2 9 14 1 7 11 4 16 5 10 13 6
1 14 9 4 16 7 2 11 8 3 15 6 12 5 10 13
6 11 2 9 5 14 1 8 13 16 7 4 10 3 15 12
15 7 13 2 10 4 16 6 3 12 9 1 14 8 5 11
4 16 11 7 13 3 8 15 6 1 12 9 2 14 10 5
9 2 5 12 7 11 4 14 15 6 1 13 8 16 3 10
14 8 3 16 1 9 12 5 10 4 15 2 7 11 6 13
11 5 10 6 14 2 7 13 4 15 3 16 9 1 12 8
7 12 16 1 9 15 6 3 11 8 14 5 13 2 4 10
2 9 4 13 8 6 11 10 1 14 5 7 16 15 3 12
13 6 15 8 4 12 3 16 2 10 11 1 7 9 14 5
10 1 7 14 3 5 9 2 12 13 6 8 4 16 11 15
5 13 1 11 16 8 14 4 9 7 10 3 15 12 2 6
8 15 12 3 11 1 5 7 16 2 13 14 6 4 9 10
3 10 6 5 12 16 13 9 14 11 8 4 1 7 15 2
16 4 14 10 6 13 15 11 5 9 2 12 3 8 7 1
